13 26
11 30
17 15
10 20
29 28
10 19
11 11
27 19
11 13
29 17
24 12
16 12
26 17
24 14
15 24
20 25
17 18
25 13
24 27
13 17
17 23
10 19
24 22
24 22
15 20
17 18
21 18
23 18
26 18
10 22
11 20
14 25
29 28
18 17
24 30
22 28
25 19
25 21
21 21
17 27
26 25
15 15
24 30
12 26
12 19
27 16
26 25
18 11
15 26
26 26
21 24
20 15
16 28
14 15
11 27
14 13
22 26
22 17
19 27
11 13
28 10
19 26
28 23
11 18
12 25
26 12
28 14
27 11
21 19
16 25
26 14
17 26
13 28
17 26
27 12
14 29
17 30
23 18
15 16
18 25
24 11
27 15
22 15
13 29
21 24
14 20
13 21
26 22
27 26
24 22
20 28
29 10
13 10
26 24
13 18
10 25
21 20
27 16
27 14
22 11
