5 10 9 1 9
11 5 15 14 5
14 12 14 4 5
3 19 16 9 18
4 8 13 12 10
13 13 18 11 19
7 5 13 17 11
15 8 7 11 9
9 10 7 11 13
8 18 2 18 11
19 15 18 14 12
11 19 20 2 18
16 10 18 18 19
17 11 6 18 7
20 18 5 5 12
18 3 14 9 10
17 13 9 9 12
9 11 6 9 17
16 6 8 5 13
2 12 17 11 1
4 14 3 5 6
9 18 11 8 13
2 16 18 2 17
2 16 16 2 14
4 11 19 3 13
8 9 3 17 8
11 6 4 3 9
5 18 12 17 17
4 15 4 3 16
4 4 11 5 17
20 13 17 1 6
14 2 20 16 10
5 10 9 10 5
14 7 5 5 12
18 19 9 13 8
16 2 20 6 17
19 3 12 10 18
19 16 10 15 5
3 5 14 19 17
12 4 8 11 17
5 15 10 8 19
9 11 20 2 15
14 19 5 10 10
15 7 17 17 15
18 18 3 9 6
15 4 3 18 9
12 19 3 5 3
13 9 1 16 18
19 12 19 14 9
12 19 4 16 7
2 4 13 5 10
15 2 16 9 13
17 11 9 11 12
18 2 6 6 16
19 3 13 2 4
6 5 14 16 9
19 19 17 16 10
13 12 12 20 2
6 9 18 16 17
14 7 15 4 1
6 5 14 2 15
15 9 16 4 11
20 15 10 4 2
15 19 19 11 13
17 18 16 3 1
2 5 17 14 18
5 9 16 15 3
11 2 7 9 1
9 19 10 12 13
11 5 14 6 4
8 7 10 18 5
16 2 14 17 9
11 3 14 11 11
4 17 9 19 13
5 16 8 15 17
18 14 7 17 17
12 19 10 7 12
13 18 1 3 13
1 9 4 13 12
7 16 5 13 18
3 4 9 16 1
11 14 4 15 17
9 13 9 12 9
8 14 3 15 4
7 15 3 12 15
6 11 3 18 5
5 6 10 8 13
19 10 16 4 17
6 5 7 18 7
7 10 12 16 14
16 4 13 5 9
19 17 15 4 2
11 8 10 10 18
2 12 13 6 1
17 7 11 4 16
6 5 19 11 14
4 18 10 5 3
16 6 13 6 4
18 5 15 12 19
18 5 13 3 10
