288
321
155
577
220
269
943
534
663
805
414
270
501
489
323
824
282
653
176
510
752
176
410
791
280
466
162
142
278
748
550
540
849
985
652
511
267
344
580
513
986
369
509
130
355
515
885
453
393
741
517
172
796
848
124
287
715
866
967
925
481
322
626
679
977
316
992
449
378
562
288
929
503
638
621
117
153
936
464
130
804
821
827
445
483
511
589
309
450
808
565
595
118
232
188
997
807
859
646
938
